65.693599
35.219177
46.414863
49.295551
43.358630
47.763896
45.738013
42.260258
37.392367
42.827860
45.299596
49.235312
48.978402
54.103362
57.553396
65.374681
71.302884
69.869113
69.567907
18.991774
24.912521
20.725754
18.600253
31.481904
21.938970
21.762247
24.782070
27.004995
25.429068
22.603539
33.854352
33.332697
32.210880
40.149359
31.133678
31.320891
39.029713
29.370303
57.036513
43.815995
54.377652
11.662071
33.517710
21.771197
27.788652
45.093590
48.899459
42.214430
40.452662
31.689138
54.079444
40.845024
19.219579
65.814969
26.332017
21.175603
34.802617
27.428082
33.212499
10.049340
23.710931
31.584988
35.192761
21.144413
25.330538
30.359401
29.827551
42.623654
21.717958
32.050474
2.997357
37.480472
42.394985
41.426151
12.963512
45.088309
40.207366
10.074050
22.690027
39.692993
10.888843
15.711724
61.388875
31.631188
50.636346
29.907894
43.097433
27.356659
15.590221
14.636236
32.832624
30.961266
37.696886
38.949601
30.957279
35.734195
48.862572
52.431221
31.505189
39.708535
34.233938
39.673729
43.871433
